4108 13856911 1703
4107 13848783 8128
4106 13847000 1783
4105 13843984 3016
4104 13842403 1581
4103 13840054 2349
4102 13835901 4153
4101 13827910 7991
4100 13824130 3780
4099 13822126 2004
4098 13816433 5693
4097 13814508 1925
4096 13811986 2522
4095 13809406 2580
4094 13808798 608
4093 13808313 485
4092 13807675 638
4091 13805777 1898
4090 13803992 1785
4089 13802898 1094
4088 13799699 3199
4087 13796945 2754
4086 13796342 603
4085 13791043 5299
4084 13782704 8339
4083 13775432 7272
4082 13772977 2455
4081 13770504 2473
4080 13766027 4477
4079 13760216 5811
4078 13755135 5081
4077 13747262 7873
4076 13741004 6258
4075 13738341 2663
4074 13735950 2391
4073 13733889 2061
4072 13731462 2427
4071 13721983 9479
4070 13708913 13070
4069 13708475 438
4068 13704803 3672
4067 13700869 3934
4066 13698472 2397
4065 13694962 3510
4064 13693165 1797
4063 13690838 2327
4062 13688383 2455
4061 13686943 1440
4060 13685666 1277
4059 13684607 1059
4058 13679494 5113
4057 13670919 8575
4056 13665942 4977
4055 13663824 2118
4054 13661387 2437
4053 13655116 6271
4052 13653479 1637
4051 13650065 3414
4050 13648570 1495
4049 13646005 2565
4048 13642284 3721
4047 13641375 909
4046 13638356 3019
4045 13636194 2162
4044 13633290 2904
4043 13632039 1251
4042 13629632 2407
4041 13620603 9029
4040 13618654 1949
4039 13614192 4462
4038 13612125 2067
4037 13606264 5861
4036 13597401 8863
4035 13596186 1215
4034 13590827 5359
4033 13586904 3923
4032 13578915 7989
4031 13572123 6792
4030 13567457 4666
4029 13565482 1975
4028 13564185 1297
4027 13558632 5553
4026 13550545 8087
4025 13549418 1127
4024 13548635 783
4023 13547489 1146
4022 13546343 1146
4021 13545197 1146
4020 13544051 1146
4019 13542905 1146
4018 13541759 1146
4017 13540615 1144
4016 13539469 1146
4015 13538323 1146
4014 13536798 1525
4013 13529761 7037
4012 13527318 2443
4011 13525430 1888
4010 13522738 2692
4009 13520090 2648
4008 13516487 3603
4007 13513292 3195
4006 13510027 3265
4005 13505316 4711
4004 13502013 3303
4003 13497229 4784
4002 13493458 3771
4001 13473814 19644
4000 13469630 4184
3999 13468529 1101
3998 13465913 2616
3997 13462381 3532
3996 13459565 2816
3995 13456120 3445
3994 13452111 4009
3993 13449207 2904
3992 13448289 918
3991 13447065 1224
3990 13442774 4291
3989 13441200 1574
3988 13437635 3565
3987 13433892 3743
3986 13429462 4430
3985 13410627 18835
3984 13407073 3554
3983 13403874 3199
3982 13400224 3650
3981 13396988 3236
3980 13394248 2740
3979 13390764 3484
3978 13387030 3734
3977 13383388 3642
3976 13380095 3293
3975 13376986 3109
3974 13372037 4949
3973 13368306 3731
3972 13362905 5401
3971 13359496 3409
3970 13358284 1212
3969 13354986 3298
3968 13350896 4090
3967 13346128 4768
3966 13342753 3375
3965 13341263 1490
3964 13336616 4647
3963 13317179 19437
3962 13313660 3519
3961 13310203 3457
3960 13308664 1539
3959 13305319 3345
3958 13300997 4322
3957 13281757 19240
3956 13278528 3229
3955 13274463 4065
3954 13271327 3136
3953 13268233 3094
3952 13265438 2795
3951 13261998 3440
3950 13258103 3895
3949 13253968 4135
3948 13249230 4738
3947 13245253 3977
3946 13241806 3447
3945 13237149 4657
3944 13233418 3731
3943 13223017 10401
3942 13218757 4260
3941 13215282 3475
3940 13211274 4008
3939 13207465 3809
3938 13203878 3587
3937 13200331 3547
3936 13196168 4163
3935 13192167 4001
3934 13188463 3704
3933 13184155 4308
3932 13182492 1663
3931 13179461 3031
3930 13175157 4304
3929 13171407 3750
3928 13167137 4270
3927 13161845 5292
3926 13158208 3637
3925 13154067 4141
3924 13152828 1239
3923 13148861 3967
3922 13129295 19566
3921 13125822 3473
3920 13122247 3575
3919 13119518 2729
3918 13116892 2626
3917 13112838 4054
3916 13108085 4753
3915 13105082 3003
3914 13090604 14478
3913 13087042 3562
3912 13082879 4163
3911 13079181 3698
3910 13075992 3189
3909 13074998 994
3908 13072371 2627
3907 13068843 3528
3906 13062240 6603
3905 13061445 795
3904 13060338 1107
3903 13054117 6221
3902 13047905 6212
3901 13045781 2124
3900 13036824 8957
3899 13033548 3276
3898 13032564 984
3897 13025374 7190
3896 13020944 4430
3895 13014081 6863
3894 13006098 7983
3893 13004872 1226
3892 13003915 957
3891 13001492 2423
3890 12998275 3217
3889 12994671 3604
3888 12991370 3301
3887 12987883 3487
3886 12986916 967
3885 12983004 3912
3884 12981676 1328
3883 12980605 1071
3882 12978418 2187
3881 12973435 4983
3880 12970096 3339
3879 12968278 1818
3878 12964476 3802
3877 12960609 3867
3876 12958149 2460
3875 12951763 6386
3874 12943984 7779
3873 12939527 4457
3872 12936523 3004
3871 12921913 14610
3870 12916299 5614
3869 12912564 3735
3868 12909911 2653
3867 12900369 9542
3866 12890908 9461
3865 12889911 997
3864 12885908 4003
3863 12878965 6943
3862 12870978 7987
3861 12869225 1753
3860 12866315 2910
3859 12865303 1012
3858 12857775 7528
3857 12850306 7469
3856 12839956 10350
3855 12836955 3001
3854 12835912 1043
3853 12833077 2835
3852 12829685 3392
3851 12823191 6494
3850 12815591 7600
3849 12813218 2373
3848 12807922 5296
3847 12799583 8339
3846 12791595 7988
3845 12787445 4150
3844 12786845 600
3843 12784094 2751
3842 12775717 8377
3841 12767313 8404
3840 12760354 6959
3839 12757158 3196
3838 12752953 4205
3837 12748219 4734
3836 12744427 3792
3835 12742069 2358
3834 12739357 2712
3833 12734821 4536
3832 12731038 3783
3831 12722263 8775
3830 12715908 6355
3829 12714134 1774
3828 12708778 5356
3827 12701717 7061
3826 12694469 7248
3825 12688858 5611
3824 12680368 8490
3823 12672279 8089
3822 12664432 7847
3821 12663087 1345
3820 12659741 3346
3819 12656300 3441
3818 12647866 8434
3817 12646278 1588
3816 12643208 3070
3815 12641135 2073
3814 12638447 2688
3813 12636980 1467
3812 12630704 6276
3811 12627010 3694
3810 12623721 3289
3809 12622044 1677
3808 12617404 4640
3807 12614065 3339
3806 12611868 2197
3805 12608284 3584
3804 12598975 9309
3803 12592247 6728
3802 12584110 8137
3801 12582757 1353
3800 12578852 3905
3799 12572628 6224
3798 12570465 2163
3797 12562916 7549
3796 12561148 1768
3795 12554848 6300
3794 12553715 1133
3793 12551349 2366
3792 12546786 4563
3791 12545735 1051
3790 12544302 1433
3789 12536176 8126
3788 12529427 6749
3787 12528666 761
3786 12527068 1598
3785 12525945 1123
3784 12524219 1726
3783 12522516 1703
3782 12520360 2156
3781 12517991 2369
3780 12516558 1433
3779 12515072 1486
3778 12513490 1582
3777 12500895 12595
3776 12494216 6679
3775 12490325 3891
3774 12489269 1056
3773 12487948 1321
3772 12484436 3512
3771 12480408 4028
3770 12478971 1437
3769 12466498 12473
3768 12462395 4103
3767 12460647 1748
3766 12458040 2607
3765 12455164 2876
3764 12453969 1195
3763 12450024 3945
3762 12443798 6226
3761 12442497 1301
3760 12440928 1569
3759 12437405 3523
3758 12428765 8640
3757 12428441 324
3756 12424180 4261
3755 12423269 911
3754 12417842 5427
3753 12416781 1061
3752 12415498 1283
3751 12414289 1209
3750 12411200 3089
3749 12409913 1287
3748 12404190 5723
3747 12400443 3747
3746 12398168 2275
3745 12396669 1499
3744 12396164 505
3743 12394365 1799
3742 12391111 3254
3741 12383174 7937
3740 12380873 2301
3739 12380134 739
3738 12379129 1005
3737 12373306 5823
3736 12368804 4502
3735 12367515 1289
3734 12363623 3892
3733 12360852 2771
3732 12351589 9263
3731 12334332 17257
3730 12333007 1325
3729 12322451 10556
3728 12321589 862
3727 12320377 1212
3726 12314636 5741
3725 12313593 1043
3724 12312195 1398
3723 12308463 3732
3722 12305004 3459
3721 12304133 871
3720 12282372 21761
3719 12272542 9830
3718 12271232 1310
3717 12270585 647
3716 12268158 2427
3715 12265847 2311
3714 12261399 4448
3713 12248542 12857
3712 12245365 3177
3711 12241201 4164
3710 12232924 8277
3709 12229225 3699
3708 12226639 2586
3707 12224056 2583
3706 12221981 2075
3705 12220476 1505
3704 12217683 2793
3703 12211034 6649
3702 12209363 1671
3701 12207693 1670
3700 12202396 5297
3699 12200681 1715
3698 12195170 5511
3697 12190437 4733
3696 12184089 6348
3695 12180625 3464
3694 12172119 8506
3693 12170278 1841
3692 12169245 1033
3691 12168480 765
3690 12167384 1096
3689 12165215 2169
3688 12155652 9563
3687 12152169 3483
3686 12148902 3267
3685 12145530 3372
3684 12143686 1844
3683 12133086 10600
3682 12132621 465
3681 12131512 1109
3680 12127583 3929
3679 12126298 1285
3678 12116130 10168
3677 12113176 2954
3676 12112074 1102
3675 12110755 1319
3674 12108431 2324
3673 12106032 2399
3672 12103503 2529
3671 12101290 2213
3670 12094480 6810
3669 12085572 8908
3668 12084830 742
3667 12074502 10328
3666 12072271 2231
3665 12069556 2715
3664 12066100 3456
3663 12063553 2547
3662 12057101 6452
3661 12054316 2785
3660 12053086 1230
3659 12051319 1767
3658 12046888 4431
3657 12040311 6577
3656 12034718 5593
3655 12030828 3890
3654 12026395 4433
3653 12024964 1431
3652 12020586 4378
3651 12018716 1870
3650 12016666 2050
3649 12012773 3893
3648 12010215 2558
3647 12006873 3342
3646 12004227 2646
3645 12001876 2351
3644 11998762 3114
3643 11997825 937
3642 11990647 7178
3641 11989837 810
3640 11986698 3139
3639 11984611 2087
3638 11981905 2706
3637 11977093 4812
3636 11973502 3591
3635 11969839 3663
3634 11968277 1562
3633 11967300 977
3632 11966767 533
3631 11962678 4089
3630 11958393 4285
3629 11957685 708
3628 11953976 3709
3627 11947800 6176
3626 11943494 4306
3625 11939374 4120
3624 11935928 3446
3623 11934813 1115
3622 11932558 2255
3621 11931334 1224
3620 11928281 3053
3619 11926484 1797
3618 11925863 621
3617 11922305 3558
3616 11916090 6215
3615 11909554 6536
3614 11907614 1940
3613 11905499 2115
3612 11898963 6536
3611 11897869 1094
3610 11896831 1038
3609 11895802 1029
3608 11894911 891
3607 11894095 816
3606 11893244 851
3605 11890579 2665
3604 11886544 4035
3603 11877486 9058
3602 11872790 4696
3601 11868607 4183
3600 11866705 1902
3599 11864581 2124
3598 11863721 860
3597 11859062 4659
3596 11857861 1201
3595 11855819 2042
3594 11851779 4040
3593 11851239 540
3592 11845103 6136
3591 11842337 2766
3590 11840222 2115
3589 11835434 4788
3588 11833905 1529
3587 11817230 16675
3586 11815314 1916
3585 11812727 2587
3584 11811054 1673
3583 11810130 924
3582 11808702 1428
3581 11806605 2097
3580 11804350 2255
3579 11802901 1449
3578 11795476 7425
3577 11794224 1252
3576 11793161 1063
3575 11790347 2814
3574 11787536 2811
3573 11786845 691
3572 11781025 5820
3571 11780396 629
3570 11776606 3790
3569 11772855 3751
3568 11769116 3739
3567 11763436 5680
3566 11760999 2437
3565 11760230 769
3564 11759490 740
3563 11757925 1565
3562 11752822 5103
3561 11747211 5611
3560 11746336 875
3559 11743674 2662
3558 11743079 595
3557 11741532 1547
3556 11738140 3392
3555 11732154 5986
3554 11730418 1736
3553 11729333 1085
3552 11728126 1207
3551 11726318 1808
3550 11723538 2780
3549 11722373 1165
3548 11716702 5671
3547 11713804 2898
3546 11712218 1586
3545 11710167 2051
3544 11708873 1294
3543 11706355 2518
3542 11700627 5728
3541 11699025 1602
3540 11698165 860
3539 11695687 2478
3538 11693254 2433
3537 11690864 2390
3536 11687910 2954
3535 11684948 2962
3534 11682049 2899
3533 11678866 3183
3532 11676584 2282
3531 11674743 1841
3530 11671858 2885
3529 11671131 727
3528 11670389 742
3527 11668730 1659
3526 11658932 9798
3525 11653825 5107
3524 11651529 2296
3523 11646524 5005
3522 11644684 1840
3521 11643579 1105
3520 11641432 2147
3519 11638737 2695
3518 11637261 1476
3517 11633150 4111
3516 11631906 1244
3515 11630626 1280
3514 11629509 1117
3513 11627690 1819
3512 11625451 2239
3511 11620479 4972
3510 11619335 1144
3509 11618344 991
3508 11617068 1276
3507 11616093 975
3506 11614302 1791
3505 11612553 1749
3504 11608749 3804
3503 11603961 4788
3502 11602231 1730
3501 11598525 3706
3500 11595318 3207
3499 11591988 3330
3498 11590892 1096
3497 11589283 1609
3496 11587142 2141
3495 11586252 890
3494 11584876 1376
3493 11583463 1413
3492 11580745 2718
3491 11577424 3321
3490 11574487 2937
3489 11571245 3242
3488 11567244 4001
3487 11565631 1613
3486 11564765 866
3485 11563490 1275
3484 11560749 2741
3483 11559172 1577
3482 11556251 2921
3481 11554985 1266
3480 11553335 1650
3479 11547841 5494
3478 11545297 2544
3477 11540235 5062
3476 11538515 1720
3475 11537014 1501
3474 11534854 2160
3473 11533540 1314
3472 11532098 1442
3471 11529777 2321
3470 11528346 1431
3469 11525654 2692
3468 11524474 1180
3467 11523102 1372
3466 11520435 2667
3465 11514396 6039
3464 11512559 1837
3463 11509837 2722
3462 11509003 834
3461 11507412 1591
3460 11505543 1869
3459 11504275 1268
3458 11502507 1768
3457 11501005 1502
3456 11498983 2022
3455 11497509 1474
3454 11496568 941
3453 11494810 1758
3452 11490238 4572
3451 11487060 3178
3450 11484459 2601
3449 11482897 1562
3448 11481245 1652
3447 11478867 2378
3446 11477162 1705
3445 11475538 1624
3444 11474302 1236
3443 11469201 5101
3442 11467481 1720
3441 11466381 1100
3440 11436335 30046
3439 11433786 2549
3438 11430578 3208
3437 11428391 2187
3436 11425957 2434
3435 11424955 1002
3434 11421237 3718
3433 11414551 6686
3432 11413370 1181
3431 11412196 1174
3430 11410336 1860
3429 11408831 1505
3428 11406856 1975
3427 11401515 5341
3426 11400509 1006
3425 11398365 2144
3424 11394473 3892
3423 11385008 9465
3422 11382606 2402
3421 11381699 907
3420 11380087 1612
3419 11378440 1647
3418 11377491 949
3417 11375460 2031
3416 11374010 1450
3415 11365760 8250
3414 11364315 1445
3413 11361298 3017
3412 11357657 3641
3411 11356629 1028
3410 11355290 1339
3409 11352958 2332
3408 11350296 2662
3407 11349145 1151
3406 11346027 3118
3405 11344534 1493
3404 11342006 2528
3403 11334150 7856
3402 11331073 3077
3401 11330244 829
3400 11326502 3742
3399 11325626 876
3398 11324797 829
3397 11323154 1643
3396 11321979 1175
3395 11320380 1599
3394 11319276 1104
3393 11318038 1238
3392 11313871 4167
3391 11311080 2791
3390 11309449 1631
3389 11309252 197
3388 11304151 5101
3387 11301388 2763
3386 11300719 669
3385 11298121 2598
3384 11296957 1164
3383 11295049 1908
3382 11291741 3308
3381 11290031 1710
3380 11285314 4717
3379 11282998 2316
3378 11281319 1679
3377 11275386 5933
3376 11274210 1176
3375 11266689 7521
3374 11259189 7500
3373 11256106 3083
3372 11254945 1161
3371 11253758 1187
3370 11248658 5100
3369 11245903 2755
3368 11242426 3477
3367 11239364 3062
3366 11237628 1736
3365 11235188 2440
3364 11230728 4460
3363 11223314 7414
3362 11221447 1867
3361 11221081 366
3360 11218459 2622
3359 11214395 4064
3358 11210336 4059
3357 11204584 5752
3356 11202767 1817
3355 11193851 8916
3354 11190476 3375
3353 11188220 2256
3352 11183571 4649
3351 11177612 5959
3350 11173287 4325
3349 11162833 10454
3348 11157219 5614
3347 11154380 2839
3346 11148693 5687
3345 11142397 6296
3344 11132980 9417
3343 11128596 4384
3342 11121924 6672
3341 11114119 7805
3340 11112596 1523
3339 11110197 2399
3338 11105201 4996
3337 11103048 2153
3336 11092900 10148
3335 11091269 1631
3334 11087486 3783
3333 11084536 2950
3332 11080819 3717
3331 11078474 2345
3330 11074790 3684
3329 11072603 2187
3328 11062628 9975
3327 11055891 6737
3326 11052347 3544
3325 11046127 6220
3324 11043086 3041
3323 11041570 1516
3322 11041040 530
3321 11036352 4688
3320 11023015 13337
3319 11020497 2518
3318 11010228 10269
3317 11004470 5758
3316 11000572 3898
3315 10992275 8297
3314 10984110 8165
3313 10981767 2343
3312 10972818 8949
3311 10965812 7006
3310 10965597 215
3309 10954898 10699
3308 10947150 7748
3307 10938315 8835
3306 10931661 6654
3305 10918622 13039
3304 10916562 2060
3303 10912177 4385
3302 10907766 4411
3301 10906563 1203
3300 10905845 718
3299 10901551 4294
3298 10885644 15907
3297 10880071 5573
3296 10877251 2820
3295 10873021 4230
3294 10860297 12724
3293 10848020 12277
3292 10844729 3291
3291 10840922 3807
3290 10837418 3504
3289 10833570 3848
3288 10829471 4099
3287 10823665 5806
3286 10817077 6588
3285 10810967 6110
3284 10804118 6849
3283 10794203 9915
3282 10783486 10717
3281 10779777 3709
3280 10775011 4766
3279 10771196 3815
3278 10769440 1756
3277 10764330 5110
3276 10758057 6273
3275 10747104 10953
3274 10742413 4691
3273 10729567 12846
3272 10719969 9598
3271 10713699 6270
3270 10709133 4566
3269 10699361 9772
3268 10690956 8405
3267 10685868 5088
3266 10682119 3749
3265 10656794 25325
3264 10652362 4432
3263 10646015 6347
3262 10634571 11444
3261 10633224 1347
3260 10626547 6677
3259 10624908 1639
3258 10623857 1051
3257 10623185 672
3256 10620352 2833
3255 10616946 3406
3254 10609801 7145
3253 10604722 5079
3252 10600640 4082
3251 10597952 2688
3250 10593316 4636
3249 10584787 8529
3248 10576765 8022
3247 10567603 9162
3246 10565507 2096
3245 10562049 3458
3244 10560513 1536
3243 10559975 538
3242 10552634 7341
3241 10549439 3195
3240 10548614 825
3239 10548123 491
3238 10542640 5483
3237 10529085 13555
3236 10509580 19505
3235 10498294 11286
3234 10490967 7327
3233 10482557 8410
3232 10473839 8718
3231 10457844 15995
3230 10448616 9228
3229 10437361 11255
3228 10428283 9078
3227 10427207 1076
3226 10425909 1298
3225 10418504 7405
3224 10415900 2604
3223 10413531 2369
3222 10412330 1201
3221 10408854 3476
3220 10404812 4042
3219 10403916 896
3218 10400420 3496
3217 10396273 4147
3216 10393747 2526
3215 10392931 816
3214 10392402 529
3213 10388239 4163
3212 10386028 2211
3211 10384252 1776
3210 10382169 2083
3209 10378087 4082
3208 10376693 1394
1491 6320595 1302
1490 6318493 2102
1489 6317332 1161
1488 6315918 1414
1487 6314923 995
1486 6313043 1880
1485 6309581 3462
1484 6304593 4988
1483 6300928 3665
1482 6292759 8169
1481 6286168 6591
1480 6281346 4822
1479 6279778 1568
1478 6271184 8594
1477 6266690 4494
1476 6264319 2371
1475 6261595 2724
1474 6260014 1581
1473 6250519 9495
1472 6244204 6315
1471 6240709 3495
1470 6236212 4497
1469 6229357 6855
1468 6219174 10183
1467 6215500 3674
1466 6208883 6617
1465 6207118 1765
1464 6201824 5294
1463 6195729 6095
1462 6192953 2776
1461 6189549 3404
1460 6187914 1635
1459 6181645 6269
1458 6177823 3822
1457 6176627 1196
1456 6171694 4933
1455 6169563 2131
1454 6163897 5666
1453 6155366 8531
1452 6149111 6255
1451 6148914 197
1450 6145247 3667
1449 6132182 13065
1448 6129092 3090
1447 6120424 8668
1446 6115351 5073
1445 6111170 4181
1444 6109547 1623
1443 6105804 3743
1442 6103625 2179
1441 6084995 18630
1440 6077442 7553
1439 6074300 3142
1438 6073028 1272
1437 6070168 2860
1436 6066334 3834
1435 6062330 4004
1434 6061276 1054
1433 6059590 1686
1432 6056942 2648
1431 6052762 4180
1430 6051629 1133
1429 6047053 4576
1428 6043198 3855
1427 6038559 4639
1426 6034658 3901
1425 6030722 3936
1424 6022242 8480
1423 6015195 7047
1422 6012111 3084
1421 6010121 1990
1420 6008350 1771
1419 6007211 1139
1418 6004304 2907
1417 6003400 904
1416 5999472 3928
1415 5995738 3734
1414 5993560 2178
1413 5991204 2356
1412 5986670 4534
1411 5983080 3590
1410 5981720 1360
1409 5980495 1225
1408 5974738 5757
1407 5971276 3462
1406 5970427 849
1405 5970147 280
1404 5964859 5288
1403 5964082 777
1402 5961452 2630
1401 5959029 2423
1400 5957533 1496
1399 5950684 6849
1398 5946151 4533
1397 5943656 2495
1396 5936931 6725
1395 5931584 5347
1394 5929707 1877
1393 5925893 3814
1392 5922071 3822
1391 5918492 3579
1390 5916599 1893
1389 5914116 2483
1388 5901309 12807
1387 5897339 3970
1386 5895235 2104
1385 5891483 3752
1384 5888730 2753
1383 5885703 3027
1382 5880232 5471
1381 5875953 4279
1380 5871036 4917
1379 5866820 4216
1378 5864519 2301
1377 5858688 5831
1376 5856563 2125
1375 5851451 5112
1374 5848175 3276
1373 5846294 1881
1372 5842981 3313
1371 5841434 1547
1370 5840852 582
1369 5837612 3240
1368 5828239 9373
1367 5826955 1284
1366 5821699 5256
1365 5816530 5169
1364 5813062 3468
1363 5809212 3850
1362 5806633 2579
1361 5805858 775
1360 5804123 1735
1359 5800667 3456
1358 5795126 5541
1357 5790466 4660
1356 5785100 5366
1355 5781644 3456
1354 5780242 1402
1353 5776928 3314
1352 5767211 9717
1351 5766095 1116
1350 5756258 9837
1349 5749508 6750
1348 5747669 1839
1347 5743306 4363
1346 5731169 12137
1345 5729330 1839
1344 5728399 931
1343 5726662 1737
1342 5724428 2234
1341 5723647 781
1340 5722751 896
1339 5718026 4725
1338 5710626 7400
1337 5706220 4406
1336 5703682 2538
1335 5699410 4272
1334 5693919 5491
1333 5688499 5420
1332 5685187 3312
1331 5680398 4789
1330 5675366 5032
1329 5672775 2591
1328 5671055 1720
1327 5665689 5366
1326 5662696 2993
1325 5656890 5806
1324 5652840 4050
1323 5649205 3635
1322 5643958 5247
1321 5638779 5179
1320 5636101 2678
1319 5627373 8728
1318 5625454 1919
1317 5621376 4078
1316 5618064 3312
1315 5597576 20488
1314 5595277 2299
1313 5593542 1735
1312 5591232 2310
1311 5587409 3823
1310 5584634 2775
1309 5580129 4505
1308 5576023 4106
1307 5572891 3132
1306 5569312 3579
1305 5564730 4582
1304 5560029 4701
1303 5558736 1293
1302 5556430 2306
1301 5553698 2732
1300 5551378 2320
1299 5549431 1947
1298 5548177 1254
1297 5545217 2960
1296 5542546 2671
1295 5538444 4102
1294 5537666 778
1293 5536717 949
1292 5532371 4346
1291 5529937 2434
1290 5523856 6081
1289 5519991 3865
1288 5518154 1837
1287 5512725 5429
1286 5508127 4598
1285 5502639 5488
1284 5497530 5109
1283 5494424 3106
1282 5493372 1052
1281 5492658 714
1280 5491091 1567
1279 5487982 3109
1278 5486741 1241
1277 5484305 2436
1276 5483816 489
1275 5481673 2143
1274 5479366 2307
1273 5477158 2208
1272 5474990 2168
1271 5472852 2138
1270 5472223 629
1269 5470566 1657
1268 5467871 2695
1267 5465541 2330
1266 5463062 2479
1265 5461243 1819
1264 5460688 555
1263 5447864 12824
1262 5446196 1668
1261 5445427 769
1260 5443859 1568
1259 5438269 5590
1258 5437035 1234
1257 5436242 793
1256 5435375 867
1255 5433157 2218
1254 5429947 3210
1253 5424982 4965
1252 5420354 4628
1251 5416387 3967
1250 5415852 535
1249 5414489 1363
1248 5413161 1328
1247 5412183 978
1246 5409298 2885
1245 5407396 1902
1244 5404273 3123
1243 5396853 7420
1242 5395944 909
1241 5394642 1302
1240 5392594 2048
1239 5387827 4767
1238 5387148 679
1237 5385995 1153
1236 5375164 10831
1235 5373812 1352
1234 5370240 3572
1233 5368115 2125
1232 5365828 2287
1231 5363376 2452
1230 5362010 1366
1229 5357415 4595
1228 5352155 5260
1227 5339523 12632
1226 5337631 1892
1225 5334470 3161
1224 5327405 7065
1223 5325532 1873
1222 5318491 7041
1221 5316459 2032
1220 5314992 1467
1219 5311258 3734
1218 5301847 9411
1217 5298111 3736
1216 5287177 10934
1215 5283992 3185
1214 5282610 1382
1213 5280078 2532
1212 5274885 5193
1211 5273190 1695
1210 5271772 1418
1209 5270531 1241
1208 5269258 1273
1207 5264969 4289
1206 5263533 1436
1205 5262238 1295
1204 5254684 7554
1203 5252442 2242
1202 5250131 2311
1201 5246159 3972
1200 5244411 1748
1199 5242250 2161
1198 5237248 5002
1197 5231878 5370
1196 5230530 1348
1195 5229477 1053
1194 5228055 1422
1193 5227046 1009
1192 5225328 1718
1191 5223205 2123
1190 5214817 8388
1189 5211387 3430
1188 5202163 9224
1187 5198966 3197
1186 5196311 2655
1185 5194448 1863
1184 5192419 2029
1183 5182757 9662
1182 5180695 2062
1181 5176987 3708
1180 5175401 1586
1179 5165993 9408
1178 5159659 6334
1177 5153160 6499
1176 5151703 1457
1175 5129556 22147
1174 5128676 880
1173 5126948 1728
1172 5121182 5766
1171 5116115 5067
1170 5104758 11357
1169 5102627 2131
1168 5101642 985
1167 5100437 1205
1166 5097704 2733
1165 5094071 3633
1164 5091214 2857
1163 5083533 7681
1162 5083042 491
1161 5082288 754
1160 5077491 4797
1159 5076283 1208
1158 5072781 3502
1157 5069290 3491
1156 5062782 6508
1155 5058645 4137
1154 5043584 15061
1153 5042555 1029
1152 5038789 3766
1151 5034652 4137
1150 5032993 1659
1149 5032049 944
1148 5030412 1637
1147 5020663 9749
1146 5017168 3495
1145 5009644 7524
1144 5001477 8167
1143 4998609 2868
1142 4996775 1834
1141 4995073 1702
1140 4993667 1406
1139 4988836 4831
1138 4986900 1936
1137 4985512 1388
1136 4976141 9371
1135 4973382 2759
1134 4969688 3694
1133 4967134 2554
1132 4960980 6154
1131 4957546 3434
1130 4953862 3684
1129 4945890 7972
1128 4942585 3305
1127 4927314 15271
1126 4924759 2555
1125 4921294 3465
1124 4919663 1631
1123 4918118 1545
1122 4916626 1492
1121 4915214 1412
1120 4913396 1818
1119 4911081 2315
1118 4909129 1952
1117 4907141 1988
1116 4904196 2945
1115 4898796 5400
1114 4889056 9740
1113 4884171 4885
1112 4882974 1197
1111 4877178 5796
1110 4869586 7592
1109 4859810 9776
1108 4854277 5533
1107 4847927 6350
1106 4845892 2035
1105 4834647 11245
1104 4825721 8926
1103 4819625 6096
1102 4812885 6740
1101 4809840 3045
1100 4807364 2476
1099 4802197 5167
1098 4800900 1297
1097 4799818 1082
1096 4785344 14474
1095 4784060 1284
1094 4778806 5254
1093 4772610 6196
1092 4770164 2446
1091 4763688 6476
1090 4754761 8927
1089 4752814 1947
1088 4747840 4974
1087 4744984 2856
1086 4738650 6334
1085 4725899 12751
1084 4723818 2081
1083 4710431 13387
1082 4704259 6172
1081 4702722 1537
1080 4700313 2409
1079 4699271 1042
1078 4695865 3406
1077 4693114 2751
1076 4692038 1076
1075 4685946 6092
1074 4679137 6809
1073 4671972 7165
1072 4667194 4778
1071 4664012 3182
1070 4660571 3441
1069 4657718 2853
1068 4646840 10878
1067 4643553 3287
1066 4636565 6988
1065 4634187 2378
1064 4632563 1624
1063 4624210 8353
1062 4621655 2555
1061 4603348 18307
1060 4580723 22625
1059 4579766 957
1058 4576458 3308
1057 4573943 2515
1056 4567604 6339
1055 4560475 7129
1054 4554744 5731
1053 4551000 3744
1052 4546724 4276
1051 4542114 4610
1050 4541591 523
1049 4537711 3880
1048 4532978 4733
1047 4524500 8478
1046 4519650 4850
1045 4514481 5169
1044 4510582 3899
1043 4501969 8613
1042 4498965 3004
1041 4489152 9813
1040 4487624 1528
1039 4484356 3268
1038 4480254 4102
1037 4480043 211
1036 4479277 766
1035 4478059 1218
1034 4469951 8108
1033 4467011 2940
1032 4464317 2694
1031 4461849 2468
1030 4456807 5042
1029 4452159 4648
1028 4446763 5396
1027 4442709 4054
1026 4439587 3122
1025 4434240 5347
1024 4429618 4622
1023 4426702 2916
1022 4423780 2922
1021 4421675 2105
1020 4419369 2306
1019 4411725 7644
1018 4406249 5476
1017 4402197 4052
1016 4397857 4340
1015 4393514 4343
1014 4388977 4537
1013 4381148 7829
1012 4380019 1129
1011 4375956 4063
1010 4372607 3349
1009 4368186 4421
1008 4363008 5178
1007 4358376 4632
1006 4355114 3262
1005 4351538 3576
1004 4344721 6817
1003 4341209 3512
1002 4336884 4325
1001 4332631 4253
1000 4326406 6225
999 4324385 2021
998 4321715 2670
997 4313922 7793
996 4311465 2457
995 4308343 3122
994 4306368 1975
993 4304011 2357
992 4302117 1894
991 4299393 2724
990 4296286 3107
989 4294355 1931
988 4292021 2334
987 4290582 1439
986 4289060 1522
985 4284909 4151
984 4281546 3363
983 4277765 3781
982 4275727 2038
981 4265833 9894
980 4254898 10935
979 4251313 3585
978 4247580 3733
977 4243826 3754
976 4241691 2135
975 4239744 1947
974 4239528 216
973 4235818 3710
972 4232669 3149
971 4230777 1892
970 4228713 2064
969 4225711 3002
968 4222416 3295
967 4218600 3816
966 4215585 3015
965 4210256 5329
964 4207067 3189
963 4200932 6135
962 4197531 3401
961 4196188 1343
960 4194098 2090
959 4193581 517
958 4189843 3738
957 4186314 3529
956 4184968 1346
955 4184392 576
954 4183854 538
953 4183177 677
952 4182311 866
951 4181774 537
950 4181032 742
949 4175797 5235
948 4168575 7222
947 4167010 1565
946 4164143 2867
945 4162825 1318
944 4160700 2125
943 4158709 1991
942 4157586 1123
941 4153567 4019
940 4150811 2756
939 4145639 5172
938 4144439 1200
937 4143247 1192
936 4141219 2028
935 4136758 4461
934 4133727 3031
933 4131876 1851
932 4130589 1287
931 4122400 8189
930 4119861 2539
929 4116172 3689
928 4112735 3437
927 4110780 1955
926 4103524 7256
925 4101516 2008
924 4096061 5455
923 4086652 9409
922 4077739 8913
921 4075065 2674
920 4070094 4971
919 4065570 4524
918 4060093 5477
917 4056687 3406
916 4053891 2796
915 4050984 2907
914 4046922 4062
913 4046319 603
912 4042822 3497
911 4038754 4068
910 4036748 2006
909 4035472 1276
908 4034562 910
907 4029620 4942
906 4021851 7769
905 4016206 5645
904 4010186 6020
903 4007728 2458
902 4004132 3596
901 4002391 1741
900 3996316 6075
899 3992163 4153
898 3991646 517
897 3988961 2685
896 3986257 2704
895 3984615 1642
894 3980856 3759
893 3978041 2815
892 3976469 1572
891 3952873 23596
890 3946564 6309
889 3940659 5905
888 3939121 1538
887 3932069 7052
886 3920926 11143
885 3895524 25402
884 3888818 6706
883 3876368 12450
882 3872877 3491
881 3868610 4267
880 3864289 4321
879 3844687 19602
878 3825442 19245
877 3821777 3665
876 3818925 2852
875 3816793 2132
874 3815576 1217
873 3810164 5412
872 3790728 19436
871 3782894 7834
870 3771486 11408
869 3768136 3350
868 3762809 5327
867 3758020 4789
866 3739734 18286
865 3736311 3423
864 3732999 3312
863 3729079 3920
862 3725334 3745
861 3722190 3144
860 3718084 4106
859 3712530 5554
858 3702112 10418
857 3698124 3988
856 3693375 4749
855 3689227 4148
854 3683961 5266
853 3674681 9280
852 3670110 4571
851 3653872 16238
850 3648663 5209
849 3647029 1634
848 3639804 7225
847 3631922 7882
846 3624180 7742
845 3616058 8122
844 3611887 4171
843 3600068 11819
842 3595792 4276
841 3592331 3461
840 3588418 3913
839 3584938 3480
838 3582131 2807
837 3577454 4677
836 3571116 6338
835 3567402 3714
834 3547753 19649
833 3543775 3978
832 3542531 1244
831 3537240 5291
830 3532937 4303
829 3528668 4269
828 3523751 4917
827 3519323 4428
826 3514020 5303
825 3508403 5617
824 3500571 7832
823 3493236 7335
822 3488989 4247
821 3483597 5392
820 3475277 8320
819 3466385 8892
818 3462272 4113
817 3457630 4642
816 3451188 6442
815 3444487 6701
814 3439284 5203
813 3434453 4831
812 3429088 5365
811 3424427 4661
810 3420675 3752
809 3410213 10462
808 3407439 2774
807 3402143 5296
806 3384416 17727
805 3379085 5331
804 3341148 37937
803 3333677 7471
802 3329684 3993
801 3321124 8560
800 3317072 4052
799 3314071 3001
798 3310511 3560
797 3306349 4162
796 3301633 4716
795 3295088 6545
794 3290124 4964
793 3284826 5298
792 3271136 13690
791 3267380 3756
790 3253996 13384
789 3246219 7777
788 3242351 3868
787 3232873 9478
786 3217730 15143
785 3214294 3436
784 3212556 1738
783 3202967 9589
782 3198429 4538
781 3193849 4580
780 3187398 6451
779 3185992 1406
778 3180445 5547
777 3179103 1342
776 3173823 5280
775 3164795 9028
774 3149974 14821
773 3148253 1721
772 3145985 2268
771 3140049 5936
770 3137727 2322
769 3132928 4799
768 3128575 4353
767 3125311 3264
766 3118125 7186
765 3116789 1336
764 3112891 3898
763 3111754 1137
762 3104537 7217
761 3099544 4993
760 3094079 5465
759 3091209 2870
758 3087704 3505
757 3083431 4273
756 3081109 2322
755 3080205 904
754 3073439 6766
753 3068447 4992
752 3064826 3621
751 3064236 590
750 3061076 3160
749 3053022 8054
748 3047495 5527
747 3045583 1912
746 3042605 2978
745 3039296 3309
744 3031825 7471
743 3021213 10612
742 3019642 1571
741 3017967 1675
740 3015363 2604
739 3013330 2033
738 3011657 1673
737 3004272 7385
736 3001369 2903
735 2998424 2945
734 2991979 6445
733 2990030 1949
732 2984910 5120
731 2978752 6158
730 2970140 8612
729 2968212 1928
728 2965494 2718
727 2960934 4560
726 2959415 1519
725 2958768 647
724 2957521 1247
723 2955343 2178
722 2951538 3805
721 2946617 4921
720 2935834 10783
719 2930041 5793
718 2928565 1476
717 2926916 1649
716 2916972 9944
715 2913438 3534
714 2909345 4093
713 2894112 15233
712 2890723 3389
711 2887029 3694
710 2882322 4707
709 2878901 3421
708 2876397 2504
335 1393721 9135
334 1386504 7217
333 1382294 4210
332 1354304 27990
331 1354078 226
330 1350236 3842
329 1330738 19498
328 1330078 660
327 1329177 901
326 1326254 2923
325 1323528 2726
324 1319514 4014
323 1317729 1785
322 1303995 13734
321 1301090 2905
320 1298583 2507
319 1298163 420
318 1294871 3292
317 1292790 2081
316 1289489 3301
315 1286083 3406
314 1282593 3490
313 1273792 8801
312 1254410 19382
311 1252660 1750
310 1249903 2757
309 1247340 2563
308 1245316 2024
307 1242586 2730
306 1241883 703
305 1228121 13762
304 1221836 6285
303 1206676 15160
302 1205555 1121
301 1204611 944
300 1201794 2817
299 1201577 217
298 1200047 1530
297 1198677 1370
296 1189748 8929
295 1189031 717
294 1184664 4367
293 1183207 1457
292 1175129 8078
291 1169864 5265
290 1169189 675
289 1163108 6081
288 1162182 926
287 1146976 15206
286 1141278 5698
285 1140480 798
284 1134198 6282
283 1126184 8014
282 1125268 916
281 1114031 11237
280 1109762 4269
279 1105917 3845
278 1102684 3233
277 1088874 13810
276 1085216 3658
275 1077246 7970
274 1075548 1698
273 1072421 3127
272 1069533 2888
271 1064212 5321
270 1062020 2192
269 1053291 8729
268 1048811 4480
267 1043866 4945
266 1039819 4047
265 1031889 7930
264 1019571 12318
263 1018099 1472
262 1017314 785
261 1015611 1703
260 1015328 283
259 1006406 8922
258 1005006 1400
257 1003952 1054
256 1000217 3735
255 990897 9320
254 986248 4649
253 977265 8983
252 971857 5408
251 966681 5176
250 964830 1851
249 960704 4126
248 952624 8080
247 950511 2113
246 944255 6256
245 943421 834
244 942094 1327
243 939967 2127
242 938422 1545
241 937072 1350
240 932064 5008
239 924734 7330
238 909788 14946
237 903183 6605
236 898267 4916
235 889883 8384
234 882419 7464
233 874336 8083
232 872445 1891
231 865669 6776
230 860571 5098
229 852607 7964
228 851262 1345
227 849343 1919
226 848204 1139
225 843824 4380
224 827987 15837
223 825960 2027
222 822383 3577
221 818391 3992
220 812801 5590
219 804146 8655
218 786524 17622
217 784371 2153
216 777096 7275
215 775637 1459
214 774470 1167
213 773121 1349
212 768686 4435
211 767179 1507
210 763110 4069
209 758674 4436
208 754330 4344
207 746085 8245
206 726385 19700
205 723852 2533
204 721374 2478
203 717922 3452
202 715396 2526
201 713340 2056
200 710909 2431
199 707152 3757
198 704964 2188
197 703886 1078
196 699671 4215
195 695956 3715
194 693896 2060
193 686335 7561
192 681922 4413
191 679459 2463
190 672962 6497
189 663356 9606
188 661490 1866
187 657547 3943
186 648555 8992
185 646884 1671
184 641340 5544
183 637744 3596
182 633175 4569
181 629513 3662
180 620555 8958
179 607048 13507
178 600630 6418
177 598495 2135
176 584210 14285
175 579907 4303
174 577999 1908
173 575997 2002
172 573426 2571
171 572291 1135
170 570606 1685
169 567109 3497
168 564857 2252
167 562356 2501
166 560277 2079
77 271207 1939
76 268860 2347
75 265881 2979
74 262944 2937
73 256863 6081
72 255102 1761
71 253744 1358
70 252712 1032
69 251170 1542
68 249337 1833
67 235165 14172
66 234210 955
65 228949 5261
64 215535 13414
63 213952 1583
62 209061 4891
61 203046 6015
60 200660 2386
59 198864 1796
58 196675 2189
57 194293 2382
56 192096 2197
55 189549 2547
54 187656 1893
53 185909 1747
52 180514 5395
51 178319 2195
50 174359 3960
49 172463 1896
48 171477 986
47 169345 2132
46 167278 2067
45 163928 3350
44 162210 1718
43 160538 1672
42 158579 1959
41 155509 3070
40 154222 1287
39 151292 2930
38 146688 4604
37 142403 4285
36 136007 6396
15 51344 2104
14 49456 1888
13 46046 3410
12 43798 2248
11 42024 1774
10 40604 1420
9 32777 7827
8 26121 6656
7 23587 2534
6 18416 5171
1 473 3164
0 0 473
2 3637 2112
3 5749 10195
4 15944 1128
5 17072 1344
16 53448 6051
17 59499 2078
18 61577 1435
19 63012 1091
20 64103 3180
21 67283 6311
22 73594 1872
23 75466 2364
24 77830 2581
25 80411 2537
26 82948 3605
27 86553 1319
28 87872 8498
29 96370 3798
30 100168 1416
31 101584 10118
32 111702 4048
33 115750 7175
34 122925 9774
35 132699 3308
78 273146 2787
79 275933 5406
80 281339 15107
81 296446 7242
82 303688 3304
83 306992 3189
84 310181 2543
85 312724 2891
86 315615 1345
87 316960 2300
88 319260 5276
89 324536 1614
90 326150 1299
91 327449 1707
92 329156 1987
93 331143 2067
94 333210 2606
95 335816 2031
96 337847 1498
97 339345 1492
98 340837 1397
99 342234 2493
100 344727 1304
101 346031 5526
102 351557 1249
103 352806 1965
104 354771 2673
105 357444 2429
106 359873 1225
107 361098 6829
108 367927 3136
109 371063 2605
110 373668 5145
111 378813 1908
112 380721 2533
113 383254 4672
114 387926 4637
115 392563 4414
116 396977 3093
117 400070 7706
118 407776 5824
119 413600 3540
120 417140 3355
121 420495 2341
122 422836 3416
123 426252 2156
124 428408 2021
125 430429 9200
126 439629 5421
127 445050 7333
128 452383 5309
129 457692 4709
130 462401 8069
131 470470 11682
132 482152 6182
133 488334 1421
134 489755 1840
135 491595 988
136 492583 5222
137 497805 2923
138 500728 671
139 501399 4131
140 505530 816
141 506346 3113
142 509459 734
143 510193 915
144 511108 4175
145 515283 3629
146 518912 1270
147 520182 1784
148 521966 1143
149 523109 1631
150 524740 873
151 525613 2445
152 528058 4397
153 532455 4695
154 537150 1123
155 538273 2255
156 540528 969
157 541497 1985
158 543482 888
159 544370 1206
160 545576 1496
161 547072 561
162 547633 3978
163 551611 1431
164 553042 4770
165 557812 2465
336 1402856 29366
337 1432222 19181
338 1451403 922
339 1452325 600
340 1452925 2278
341 1455203 1568
342 1456771 4925
343 1461696 3263
344 1464959 3972
345 1468931 2454
346 1471385 4521
347 1475906 1116
348 1477022 1981
349 1479003 659
350 1479662 411
351 1480073 9669
352 1489742 2272
353 1492014 843
354 1492857 29542
355 1522399 3538
356 1525937 903
357 1526840 2581
358 1529421 3119
359 1532540 326
360 1532866 7072
361 1539938 19021
362 1558959 5626
363 1564585 1274
364 1565859 2139
365 1567998 2307
366 1570305 2556
367 1572861 1240
368 1574101 8779
369 1582880 3595
370 1586475 2111
371 1588586 2354
372 1590940 22091
373 1613031 848
374 1613879 385
375 1614264 1129
376 1615393 3840
377 1619233 1131
378 1620364 3534
379 1623898 3186
380 1627084 1531
381 1628615 1306
382 1629921 1958
383 1631879 1261
384 1633140 1309
385 1634449 3891
386 1638340 548
387 1638888 6466
388 1645354 2516
389 1647870 3602
390 1651472 816
391 1652288 1249
392 1653537 2287
393 1655824 685
394 1656509 784
395 1657293 5013
396 1662306 5672
397 1667978 2556
398 1670534 8574
399 1679108 7409
400 1686517 2423
401 1688940 1467
402 1690407 1647
403 1692054 2680
404 1694734 2588
405 1697322 2259
406 1699581 3070
407 1702651 2076
408 1704727 2994
409 1707721 6962
410 1714683 6368
411 1721051 6876
412 1727927 6761
413 1734688 3951
414 1738639 8120
415 1746759 7793
416 1754552 3123
417 1757675 1806
418 1759481 2984
419 1762465 1568
420 1764033 3032
421 1767065 3443
422 1770508 1861
423 1772369 1534
424 1773903 4778
425 1778681 1751
426 1780432 1507
427 1781939 2471
428 1784410 3622
429 1788032 2040
430 1790072 1465
431 1791537 2818
432 1794355 7650
433 1802005 3291
434 1805296 3626
435 1808922 8809
436 1817731 3740
437 1821471 2831
438 1824302 2208
439 1826510 3574
440 1830084 3501
441 1833585 2071
442 1835656 1606
443 1837262 1800
444 1839062 6366
445 1845428 3205
446 1848633 2241
447 1850874 1866
448 1852740 3422
449 1856162 5498
450 1861660 2011
451 1863671 4156
452 1867827 2720
453 1870547 3697
454 1874244 1746
455 1875990 1543
456 1877533 1546
457 1879079 1624
458 1880703 3654
459 1884357 2739
460 1887096 3966
461 1891062 2385
462 1893447 2399
463 1895846 2593
464 1898439 2376
465 1900815 2538
466 1903353 23239
467 1926592 3212
468 1929804 3614
469 1933418 6322
470 1939740 3091
471 1942831 3299
472 1946130 3412
473 1949542 5239
474 1954781 1614
475 1956395 2591
476 1958986 3421
477 1962407 2452
478 1964859 1080
479 1965939 2363
480 1968302 5083
481 1973385 4227
482 1977612 3018
483 1980630 3777
484 1984407 2639
485 1987046 5420
486 1992466 2527
487 1994993 3783
488 1998776 1099
489 1999875 5170
490 2005045 1424
491 2006469 1208
492 2007677 2044
493 2009721 7311
494 2017032 3329
495 2020361 2537
496 2022898 1591
497 2024489 3085
498 2027574 1120
499 2028694 591
500 2029285 1571
501 2030856 1648
502 2032504 1538
503 2034042 8828
504 2042870 7773
505 2050643 4431
506 2055074 2880
507 2057954 593
508 2058547 7435
509 2065982 3985
510 2069967 12006
511 2081973 4704
512 2086677 2501
513 2089178 3835
514 2093013 15287
515 2108300 6113
516 2114413 2574
517 2116987 307
518 2117294 2291
519 2119585 3804
520 2123389 2808
521 2126197 13293
522 2139490 7730
523 2147220 1881
524 2149101 2728
525 2151829 1897
526 2153726 1797
527 2155523 3383
528 2158906 2182
529 2161088 2988
530 2164076 1951
531 2166027 1801
532 2167828 2139
533 2169967 2831
534 2172798 2847
535 2175645 1908
536 2177553 2181
537 2179734 2138
538 2181872 1800
539 2183672 1950
540 2185622 2546
541 2188168 3269
542 2191437 2140
543 2193577 1871
544 2195448 1734
545 2197182 2052
546 2199234 4396
547 2203630 3858
548 2207488 3700
549 2211188 2937
550 2214125 2406
551 2216531 2521
552 2219052 2286
553 2221338 2315
554 2223653 4396
555 2228049 322
556 2228371 5747
557 2234118 3858
558 2237976 3700
559 2241676 9710
560 2251386 2732
561 2254118 896
562 2255014 4372
563 2259386 7042
564 2266428 307
565 2266735 3123
566 2269858 2614
567 2272472 2333
568 2274805 2546
569 2277351 3505
570 2280856 4290
571 2285146 2547
572 2287693 4898
573 2292591 2740
574 2295331 8110
575 2303441 2701
576 2306142 6140
577 2312282 2413
578 2314695 1216
579 2315911 17441
580 2333352 9630
581 2342982 2927
582 2345909 3204
583 2349113 5800
584 2354913 3431
585 2358344 1938
586 2360282 3022
587 2363304 4401
588 2367705 4198
589 2371903 3734
590 2375637 2970
591 2378607 23966
592 2402573 10975
593 2413548 15925
594 2429473 30064
595 2459537 3710
596 2463247 3683
597 2466930 2002
598 2468932 3224
599 2472156 2863
600 2475019 7393
601 2482412 394
602 2482806 490
603 2483296 10944
604 2494240 4409
605 2498649 3642
606 2502291 8848
607 2511139 3373
608 2514512 2009
609 2516521 7037
610 2523558 6304
611 2529862 3698
612 2533560 2254
613 2535814 14647
614 2550461 6422
615 2556883 1336
616 2558219 1983
617 2560202 2909
618 2563111 2592
619 2565703 2144
620 2567847 1572
621 2569419 742
622 2570161 1362
623 2571523 742
624 2572265 394
625 2572659 3941
626 2576600 2992
627 2579592 4106
628 2583698 7405
629 2591103 5325
630 2596428 1327
631 2597755 5334
632 2603089 1144
633 2604233 918
634 2605151 1842
635 2606993 2379
636 2609372 5396
637 2614768 2464
638 2617232 7946
639 2625178 2412
640 2627590 923
641 2628513 854
642 2629367 1650
643 2631017 2246
644 2633263 7186
645 2640449 1648
646 2642097 4686
647 2646783 2434
648 2649217 3579
649 2652796 2700
650 2655496 6970
651 2662466 2311
652 2664777 3030
653 2667807 4612
654 2672419 2530
655 2674949 2892
656 2677841 1913
657 2679754 1258
658 2681012 4745
659 2685757 1618
660 2687375 969
661 2688344 1610
662 2689954 1784
663 2691738 4551
664 2696289 1681
665 2697970 2645
666 2700615 9171
667 2709786 1867
668 2711653 2606
669 2714259 9098
670 2723357 3559
671 2726916 6166
672 2733082 3377
673 2736459 2964
674 2739423 7890
675 2747313 1742
676 2749055 2209
677 2751264 1655
678 2752919 971
679 2753890 2396
680 2756286 1651
681 2757937 1747
682 2759684 14907
683 2774591 7239
684 2781830 3151
685 2784981 1683
686 2786664 1419
687 2788083 7696
688 2795779 1970
689 2797749 2122
690 2799871 1768
691 2801639 1694
692 2803333 2085
693 2805418 1147
694 2806565 790
695 2807355 1080
696 2808435 2905
697 2811340 4419
698 2815759 9501
699 2825260 2169
700 2827429 3174
701 2830603 2109
702 2832712 2290
703 2835002 27021
704 2862023 1879
705 2863902 1759
706 2865661 5263
707 2870924 5473
1492 6321897 1741
1493 6323638 1805
1494 6325443 2185
1495 6327628 1807
1496 6329435 7658
1497 6337093 18310
1498 6355403 3864
1499 6359267 4396
1500 6363663 3343
1501 6367006 3552
1502 6370558 10444
1503 6381002 4068
1504 6385070 1222
1505 6386292 885
1506 6387177 1497
1507 6388674 964
1508 6389638 1972
1509 6391610 4431
1510 6396041 1635
1511 6397676 6241
1512 6403917 7643
1513 6411560 1986
1514 6413546 4002
1515 6417548 2666
1516 6420214 4764
1517 6424978 8751
1518 6433729 4952
1519 6438681 7980
1520 6446661 4790
1521 6451451 10002
1522 6461453 2181
1523 6463634 1604
1524 6465238 2076
1525 6467314 1857
1526 6469171 2430
1527 6471601 2894
1528 6474495 2576
1529 6477071 13307
1530 6490378 2477
1531 6492855 2212
1532 6495067 2508
1533 6497575 3062
1534 6500637 1533
1535 6502170 10106
1536 6512276 4708
1537 6516984 7006
1538 6523990 3642
1539 6527632 3415
1540 6531047 2853
1541 6533900 5884
1542 6539784 3090
1543 6542874 5835
1544 6548709 4779
1545 6553488 13651
1546 6567139 3831
1547 6570970 2970
1548 6573940 1588
1549 6575528 8085
1550 6583613 5680
1551 6589293 12473
1552 6601766 3726
1553 6605492 2175
1554 6607667 5474
1555 6613141 5844
1556 6618985 7928
1557 6626913 10143
1558 6637056 3585
1559 6640641 3389
1560 6644030 2185
1561 6646215 307
1562 6646522 3784
1563 6650306 1995
1564 6652301 1466
1565 6653767 7379
1566 6661146 1027
1567 6662173 951
1568 6663124 1612
1569 6664736 3279
1570 6668015 1832
1571 6669847 4032
1572 6673879 2171
1573 6676050 4022
1574 6680072 1392
1575 6681464 4927
1576 6686391 2609
1577 6689000 1760
1578 6690760 1983
1579 6692743 1492
1580 6694235 1927
1581 6696162 1563
1582 6697725 2562
1583 6700287 2009
1584 6702296 3700
1585 6705996 944
1586 6706940 1209
1587 6708149 1892
1588 6710041 1434
1589 6711475 3813
1590 6715288 5720
1591 6721008 2242
1592 6723250 2850
1593 6726100 1506
1594 6727606 5752
1595 6733358 2660
1596 6736018 1289
1597 6737307 1267
1598 6738574 1318
1599 6739892 7675
1600 6747567 1708
1601 6749275 2790
1602 6752065 1244
1603 6753309 1384
1604 6754693 5126
1605 6759819 3043
1606 6762862 1298
1607 6764160 2736
1608 6766896 1421
1609 6768317 925
1610 6769242 2777
1611 6772019 1496
1612 6773515 909
1613 6774424 3002
1614 6777426 1200
1615 6778626 8775
1616 6787401 2604
1617 6790005 1608
1618 6791613 2182
1619 6793795 1962
1620 6795757 6249
1621 6802006 2080
1622 6804086 1550
1623 6805636 3083
1624 6808719 4061
1625 6812780 2643
1626 6815423 2842
1627 6818265 1038
1628 6819303 1420
1629 6820723 5405
1630 6826128 1648
1631 6827776 3530
1632 6831306 2076
1633 6833382 5672
1634 6839054 6662
1635 6845716 1156
1636 6846872 1449
1637 6848321 352
1638 6848673 2146
1639 6850819 1707
1640 6852526 2851
1641 6855377 1197
1642 6856574 1943
1643 6858517 881
1644 6859398 1827
1645 6861225 2938
1646 6864163 6767
1647 6870930 2662
1648 6873592 1564
1649 6875156 1745
1650 6876901 1682
1651 6878583 949
1652 6879532 8726
1653 6888258 5443
1654 6893701 5501
1655 6899202 5330
1656 6904532 6467
1657 6910999 2038
1658 6913037 19079
1659 6932116 7573
1660 6939689 1820
1661 6941509 1238
1662 6942747 2946
1663 6945693 1858
1664 6947551 2693
1665 6950244 4127
1666 6954371 1395
1667 6955766 595
1668 6956361 6404
1669 6962765 2368
1670 6965133 1799
1671 6966932 3305
1672 6970237 1859
1673 6972096 13285
1674 6985381 530
1675 6985911 1592
1676 6987503 2947
1677 6990450 2308
1678 6992758 2772
1679 6995530 17816
1680 7013346 597
1681 7013943 637
1682 7014580 604
1683 7015184 655
1684 7015839 637
1685 7016476 607
1686 7017083 547
1687 7017630 612
1688 7018242 669
1689 7018911 634
1690 7019545 656
1691 7020201 626
1692 7020827 609
1693 7021436 612
1694 7022048 612
1695 7022660 612
1696 7023272 609
1697 7023881 597
1698 7024478 626
1699 7025104 618
1700 7025722 630
1701 7026352 619
1702 7026971 612
1703 7027583 606
1704 7028189 665
1705 7028854 602
1706 7029456 339
1707 7029795 653
1708 7030448 620
1709 7031068 560
1710 7031628 615
1711 7032243 664
1712 7032907 611
1713 7033518 643
1714 7034161 634
1715 7034795 634
1716 7035429 654
1717 7036083 635
1718 7036718 645
1719 7037363 633
1720 7037996 612
1721 7038608 610
1722 7039218 597
1723 7039815 637
1724 7040452 604
1725 7041056 658
1726 7041714 615
1727 7042329 617
1728 7042946 548
1729 7043494 612
1730 7044106 630
1731 7044736 621
1732 7045357 612
1733 7045969 595
1734 7046564 654
1735 7047218 612
1736 7047830 606
1737 7048436 640
1738 7049076 604
1739 7049680 659
1740 7050339 649
1741 7050988 622
1742 7051610 548
1743 7052158 612
1744 7052770 281
1745 7053051 298
1746 7053349 630
1747 7053979 619
1748 7054598 275
1749 7054873 297
1750 7055170 653
1751 7055823 612
1752 7056435 602
1753 7057037 635
1754 7057672 657
1755 7058329 621
1756 7058950 603
1757 7059553 598
1758 7060151 602
1759 7060753 548
1760 7061301 616
1761 7061917 633
1762 7062550 618
1763 7063168 634
1764 7063802 642
1765 7064444 602
1766 7065046 611
1767 7065657 634
1768 7066291 621
1769 7066912 666
1770 7067578 646
1771 7068224 644
1772 7068868 621
1773 7069489 660
1774 7070149 648
1775 7070797 640
1776 7071437 648
1777 7072085 630
1778 7072715 586
1779 7073301 613
1780 7073914 602
1781 7074516 600
1782 7075116 603
1783 7075719 617
1784 7076336 625
1785 7076961 617
1786 7077578 640
1787 7078218 546
1788 7078764 632
1789 7079396 617
1790 7080013 605
1791 7080618 613
1792 7081231 622
1793 7081853 611
1794 7082464 613
1795 7083077 616
1796 7083693 604
1797 7084297 647
1798 7084944 625
1799 7085569 622
1800 7086191 654
1801 7086845 654
1802 7087499 600
1803 7088099 587
1804 7088686 604
1805 7089290 611
1806 7089901 625
1807 7090526 618
1808 7091144 621
1809 7091765 546
1810 7092311 634
1811 7092945 609
1812 7093554 614
1813 7094168 606
1814 7094774 622
1815 7095396 601
1816 7095997 623
1817 7096620 634
1818 7097254 588
1819 7097842 604
1820 7098446 612
1821 7099058 627
1822 7099685 619
1823 7100304 610
1824 7100914 548
1825 7101462 620
1826 7102082 616
1827 7102698 604
1828 7103302 622
1829 7103924 608
1830 7104532 629
1831 7105161 688
1832 7105849 625
1833 7106474 621
1834 7107095 571
1835 7107666 545
1836 7108211 617
1837 7108828 617
1838 7109445 597
1839 7110042 605
1840 7110647 612
1841 7111259 625
1842 7111884 618
1843 7112502 614
1844 7113116 615
1845 7113731 606
1846 7114337 621
1847 7114958 621
1848 7115579 605
1849 7116184 611
1850 7116795 627
1851 7117422 621
1852 7118043 589
1853 7118632 608
1854 7119240 612
1855 7119852 627
1856 7120479 618
1857 7121097 603
1858 7121700 545
1859 7122245 621
1860 7122866 615
1861 7123481 602
1862 7124083 621
1863 7124704 604
1864 7125308 613
1865 7125921 627
1866 7126548 621
1867 7127169 603
1868 7127772 589
1869 7128361 612
1870 7128973 612
1871 7129585 629
1872 7130214 619
1873 7130833 610
1874 7131443 621
1875 7132064 545
1876 7132609 673
1877 7133282 614
1878 7133896 606
1879 7134502 621
1880 7135123 674
1881 7135797 660
1882 7136457 605
1883 7137062 627
1884 7137689 632
1885 7138321 649
1886 7138970 630
1887 7139600 653
1888 7140253 648
1889 7140901 640
1890 7141541 628
1891 7142169 643
1892 7142812 643
1893 7143455 641
1894 7144096 645
1895 7144741 591
1896 7145332 617
1897 7145949 614
1898 7146563 597
1899 7147160 612
1900 7147772 607
1901 7148379 628
1902 7149007 618
1903 7149625 647
1904 7150272 545
1905 7150817 601
1906 7151418 603
1907 7152021 634
1908 7152655 615
1909 7153270 605
1910 7153875 642
1911 7154517 621
1912 7155138 590
1913 7155728 627
1914 7156355 621
1915 7156976 587
1916 7157563 611
1917 7158174 612
1918 7158786 631
1919 7159417 620
1920 7160037 616
1921 7160653 547
1922 7161200 621
1923 7161821 614
1924 7162435 604
1925 7163039 621
1926 7163660 595
1927 7164255 626
1928 7164881 621
1929 7165502 591
1930 7166093 546
1931 7166639 615
1932 7167254 614
1933 7167868 625
1934 7168493 589
1935 7169082 613
1936 7169695 612
1937 7170307 628
1938 7170935 618
1939 7171553 647
1940 7172200 628
1941 7172828 615
1942 7173443 604
1943 7174047 628
1944 7174675 676
1945 7175351 588
1946 7175939 619
1947 7176558 663
1948 7177221 613
1949 7177834 628
1950 7178462 628
1951 7179090 638
1952 7179728 647
1953 7180375 673
1954 7181048 647
1955 7181695 624
1956 7182319 626
1957 7182945 620
1958 7183565 644
1959 7184209 637
1960 7184846 678
1961 7185524 566
1962 7186090 614
1963 7186704 612
1964 7187316 594
1965 7187910 612
1966 7188522 612
1967 7189134 628
1968 7189762 616
1969 7190378 660
1970 7191038 547
1971 7191585 628
1972 7192213 622
1973 7192835 603
1974 7193438 628
1975 7194066 616
1976 7194682 624
1977 7195306 628
1978 7195934 630
1979 7196564 593
1980 7197157 607
1981 7197764 601
1982 7198365 619
1983 7198984 616
1984 7199600 634
1985 7200234 546
1986 7200780 628
1987 7201408 630
1988 7202038 614
1989 7202652 602
1990 7203254 628
1991 7203882 624
1992 7204506 635
1993 7205141 628
1994 7205769 547
1995 7206316 642
1996 7206958 628
1997 7207586 619
1998 7208205 602
1999 7208807 628
2000 7209435 620
2001 7210055 593
2002 7210648 607
2003 7211255 628
2004 7211883 612
2005 7212495 677
2006 7213172 628
2007 7213800 632
2008 7214432 646
2009 7215078 650
2010 7215728 621
2011 7216349 634
2012 7216983 638
2013 7217621 623
2014 7218244 636
2015 7218880 633
2016 7219513 747
2017 7220260 3191
2018 7223451 752
2019 7224203 6160
2020 7230363 6290
2021 7236653 5704
2022 7242357 10481
2023 7252838 3736
2024 7256574 1479
2025 7258053 2062
2026 7260115 9413
2027 7269528 4207
2028 7273735 6346
2029 7280081 2955
2030 7283036 6059
2031 7289095 6034
2032 7295129 1672
2033 7296801 6397
2034 7303198 3164
2035 7306362 6611
2036 7312973 8869
2037 7321842 1326
2038 7323168 2871
2039 7326039 1694
2040 7327733 3270
2041 7331003 5890
2042 7336893 6670
2043 7343563 6168
2044 7349731 6188
2045 7355919 9523
2046 7365442 9486
2047 7374928 1136
2048 7376064 693
2049 7376757 1114
2050 7377871 3746
2051 7381617 642
2052 7382259 5530
2053 7387789 1359
2054 7389148 2784
2055 7391932 2321
2056 7394253 5315
2057 7399568 12083
2058 7411651 2510
2059 7414161 25537
2060 7439698 3660
2061 7443358 3961
2062 7447319 12302
2063 7459621 4219
2064 7463840 3877
2065 7467717 14529
2066 7482246 12145
2067 7494391 3619
2068 7498010 1532
2069 7499542 8902
2070 7508444 1729
2071 7510173 692
2072 7510865 3145
2073 7514010 2776
2074 7516786 5649
2075 7522435 9454
2076 7531889 3987
2077 7535876 1078
2078 7536954 1699
2079 7538653 5438
2080 7544091 4541
2081 7548632 4463
2082 7553095 4338
2083 7557433 1856
2084 7559289 4356
2085 7563645 3631
2086 7567276 6102
2087 7573378 4159
2088 7577537 1109
2089 7578646 738
2090 7579384 8686
2091 7588070 3868
2092 7591938 6795
2093 7598733 1474
2094 7600207 2482
2095 7602689 1091
2096 7603780 1017
2097 7604797 1008
2098 7605805 5331
2099 7611136 10991
2100 7622127 751
2101 7622878 670
2102 7623548 3974
2103 7627522 9884
2104 7637406 1229
2105 7638635 3060
2106 7641695 784
2107 7642479 537
2108 7643016 625
2109 7643641 992
2110 7644633 724
2111 7645357 1739
2112 7647096 12171
2113 7659267 4271
2114 7663538 11076
2115 7674614 3567
2116 7678181 2664
2117 7680845 708
2118 7681553 5891
2119 7687444 3255
2120 7690699 8806
2121 7699505 4010
2122 7703515 2006
2123 7705521 3351
2124 7708872 7415
2125 7716287 2579
2126 7718866 2676
2127 7721542 9451
2128 7730993 18978
2129 7749971 3079
2130 7753050 2728
2131 7755778 5279
2132 7761057 2230
2133 7763287 4212
2134 7767499 6427
2135 7773926 945
2136 7774871 4828
2137 7779699 8125
2138 7787824 5282
2139 7793106 6511
2140 7799617 911
2141 7800528 3716
2142 7804244 2898
2143 7807142 3521
2144 7810663 2519
2145 7813182 3673
2146 7816855 4647
2147 7821502 9423
2148 7830925 9394
2149 7840319 11538
2150 7851857 2144
2151 7854001 4709
2152 7858710 2859
2153 7861569 1657
2154 7863226 5711
2155 7868937 2016
2156 7870953 1932
2157 7872885 8221
2158 7881106 8636
2159 7889742 2719
2160 7892461 4406
2161 7896867 3091
2162 7899958 1911
2163 7901869 10436
2164 7912305 6225
2165 7918530 4682
2166 7923212 5315
2167 7928527 1281
2168 7929808 1847
2169 7931655 3572
2170 7935227 205
2171 7935432 3713
2172 7939145 2530
2173 7941675 7529
2174 7949204 6852
2175 7956056 6335
2176 7962391 8595
2177 7970986 3108
2178 7974094 2822
2179 7976916 1837
2180 7978753 6922
2181 7985675 3363
2182 7989038 2662
2183 7991700 1138
2184 7992838 11630
2185 8004468 10852
2186 8015320 9913
2187 8025233 6948
2188 8032181 8702
2189 8040883 2244
2190 8043127 501
2191 8043628 2720
2192 8046348 604
2193 8046952 6276
2194 8053228 4311
2195 8057539 2285
2196 8059824 8982
2197 8068806 6376
2198 8075182 1549
2199 8076731 7269
2200 8084000 2744
2201 8086744 7695
2202 8094439 4420
2203 8098859 2897
2204 8101756 6219
2205 8107975 9265
2206 8117240 2925
2207 8120165 4301
2208 8124466 3909
2209 8128375 1709
2210 8130084 6403
2211 8136487 5336
2212 8141823 5119
2213 8146942 7879
2214 8154821 1837
2215 8156658 2801
2216 8159459 8081
2217 8167540 11545
2218 8179085 2043
2219 8181128 3537
2220 8184665 5165
2221 8189830 5330
2222 8195160 5158
2223 8200318 6336
2224 8206654 1011
2225 8207665 7008
2226 8214673 2897
2227 8217570 9333
2228 8226903 4155
2229 8231058 6330
2230 8237388 2851
2231 8240239 1548
2232 8241787 2917
2233 8244704 3397
2234 8248101 1768
2235 8249869 5550
2236 8255419 9056
2237 8264475 183
2238 8264658 2289
2239 8266947 8416
2240 8275363 6794
2241 8282157 6456
2242 8288613 3685
2243 8292298 3378
2244 8295676 2884
2245 8298560 3410
2246 8301970 466
2247 8302436 2164
2248 8304600 3922
2249 8308522 3611
2250 8312133 2906
2251 8315039 3575
2252 8318614 2692
2253 8321306 6557
2254 8327863 9418
2255 8337281 8429
2256 8345710 10522
2257 8356232 9689
2258 8365921 10271
2259 8376192 7953
2260 8384145 5469
2261 8389614 6239
2262 8395853 7488
2263 8403341 3462
2264 8406803 3907
2265 8410710 2354
2266 8413064 1541
2267 8414605 1658
2268 8416263 3147
2269 8419410 3509
2270 8422919 7595
2271 8430514 4547
2272 8435061 3449
2273 8438510 11431
2274 8449941 5087
2275 8455028 6564
2276 8461592 4801
2277 8466393 1066
2278 8467459 4162
2279 8471621 3653
2280 8475274 3438
2281 8478712 4307
2282 8483019 4900
2283 8487919 4553
2284 8492472 7981
2285 8500453 2241
2286 8502694 5533
2287 8508227 4331
2288 8512558 6395
2289 8518953 4785
2290 8523738 2163
2291 8525901 2139
2292 8528040 1465
2293 8529505 3309
2294 8532814 4591
2295 8537405 4130
2296 8541535 6123
2297 8547658 8411
2298 8556069 1849
2299 8557918 5644
2300 8563562 7270
2301 8570832 1245
2302 8572077 3362
2303 8575439 4037
2304 8579476 1580
2305 8581056 7290
2306 8588346 2750
2307 8591096 9949
2308 8601045 4240
2309 8605285 5800
2310 8611085 792
2311 8611877 3692
2312 8615569 1971
2313 8617540 1453
2314 8618993 3220
2315 8622213 1195
2316 8623408 1753
2317 8625161 4524
2318 8629685 1080
2319 8630765 4101
2320 8634866 1794
2321 8636660 2098
2322 8638758 4842
2323 8643600 2588
2324 8646188 2564
2325 8648752 360
2326 8649112 1496
2327 8650608 1481
2328 8652089 2140
2329 8654229 1468
2330 8655697 1062
2331 8656759 2618
2332 8659377 1014
2333 8660391 334
2334 8660725 4582
2335 8665307 1289
2336 8666596 874
2337 8667470 3809
2338 8671279 1315
2339 8672594 3049
2340 8675643 2556
2341 8678199 541
2342 8678740 1264
2343 8680004 1219
2344 8681223 2467
2345 8683690 1172
2346 8684862 7974
2347 8692836 583
2348 8693419 1316
2349 8694735 7252
2350 8701987 3789
2351 8705776 3672
2352 8709448 3418
2353 8712866 6870
2354 8719736 4867
2355 8724603 1623
2356 8726226 1533
2357 8727759 2024
2358 8729783 1317
2359 8731100 505
2360 8731605 1324
2361 8732929 2254
2362 8735183 4497
2363 8739680 1543
2364 8741223 11563
2365 8752786 2058
2366 8754844 809
2367 8755653 923
2368 8756576 1064
2369 8757640 1829
2370 8759469 720
2371 8760189 11576
2372 8771765 1757
2373 8773522 2891
2374 8776413 3630
2375 8780043 954
2376 8780997 2166
2377 8783163 1209
2378 8784372 4683
2379 8789055 315
2380 8789370 7060
2381 8796430 1047
2382 8797477 1756
2383 8799233 2571
2384 8801804 1489
2385 8803293 1250
2386 8804543 6510
2387 8811053 3484
2388 8814537 981
2389 8815518 3473
2390 8818991 1615
2391 8820606 2946
2392 8823552 1282
2393 8824834 489
2394 8825323 750
2395 8826073 4781
2396 8830854 1202
2397 8832056 6319
2398 8838375 2654
2399 8841029 448
2400 8841477 4247
2401 8845724 525
2402 8846249 1455
2403 8847704 2082
2404 8849786 2734
2405 8852520 3108
2406 8855628 1350
2407 8856978 1502
2408 8858480 1110
2409 8859590 1425
2410 8861015 2324
2411 8863339 583
2412 8863922 669
2413 8864591 660
2414 8865251 683
2415 8865934 652
2416 8866586 691
2417 8867277 669
2418 8867946 686
2419 8868632 638
2420 8869270 621
2421 8869891 644
2422 8870535 617
2423 8871152 707
2424 8871859 675
2425 8872534 629
2426 8873163 615
2427 8873778 664
2428 8874442 611
2429 8875053 643
2430 8875696 634
2431 8876330 634
2432 8876964 654
2433 8877618 635
2434 8878253 645
2435 8878898 633
2436 8879531 663
2437 8880194 685
2438 8880879 641
2439 8881520 674
2440 8882194 654
2441 8882848 662
2442 8883510 681
2443 8884191 663
2444 8884854 657
2445 8885511 683
2446 8886194 644
2447 8886838 671
2448 8887509 692
2449 8888201 657
2450 8888858 681
2451 8889539 648
2452 8890187 658
2453 8890845 696
2454 8891541 670
2455 8892211 658
2456 8892869 621
2457 8893490 666
2458 8894156 646
2459 8894802 644
2460 8895446 621
2461 8896067 660
2462 8896727 648
2463 8897375 640
2464 8898015 648
2465 8898663 630
2466 8899293 636
2467 8899929 690
2468 8900619 640
2469 8901259 676
2470 8901935 662
2471 8902597 609
2472 8903206 647
2473 8903853 658
2474 8904511 672
2475 8905183 660
2476 8905843 697
2477 8906540 620
2478 8907160 633
2479 8907793 671
2480 8908464 658
2481 8909122 647
2482 8909769 651
2483 8910420 660
2484 8911080 678
2485 8911758 691
2486 8912449 639
2487 8913088 663
2488 8913751 634
2489 8914385 703
2490 8915088 657
2491 8915745 626
2492 8916371 655
2493 8917026 638
2494 8917664 649
2495 8918313 637
2496 8918950 624
2497 8919574 637
2498 8920211 632
2499 8920843 655
2500 8921498 633
2501 8922131 699
2502 8922830 654
2503 8923484 641
2504 8924125 670
2505 8924795 644
2506 8925439 653
2507 8926092 652
2508 8926744 658
2509 8927402 656
2510 8928058 678
2511 8928736 647
2512 8929383 690
2513 8930073 646
2514 8930719 677
2515 8931396 679
2516 8932075 652
2517 8932727 628
2518 8933355 654
2519 8934009 646
2520 8934655 677
2521 8935332 647
2522 8935979 697
2523 8936676 646
2524 8937322 656
2525 8937978 644
2526 8938622 695
2527 8939317 676
2528 8939993 649
2529 8940642 649
2530 8941291 649
2531 8941940 630
2532 8942570 653
2533 8943223 648
2534 8943871 640
2535 8944511 628
2536 8945139 643
2537 8945782 643
2538 8946425 641
2539 8947066 645
2540 8947711 650
2541 8948361 691
2542 8949052 610
2543 8949662 668
2544 8950330 640
2545 8950970 670
2546 8951640 640
2547 8952280 681
2548 8952961 667
2549 8953628 662
2550 8954290 651
2551 8954941 682
2552 8955623 646
2553 8956269 708
2554 8956977 620
2555 8957597 641
2556 8958238 662
2557 8958900 661
2558 8959561 660
2559 8960221 662
2560 8960883 697
2561 8961580 653
2562 8962233 665
2563 8962898 683
2564 8963581 650
2565 8964231 648
2566 8964879 647
2567 8965526 692
2568 8966218 708
2569 8966926 656
2570 8967582 676
2571 8968258 653
2572 8968911 636
2573 8969547 640
2574 8970187 638
2575 8970825 647
2576 8971472 673
2577 8972145 647
2578 8972792 624
2579 8973416 626
2580 8974042 620
2581 8974662 644
2582 8975306 637
2583 8975943 678
2584 8976621 650
2585 8977271 677
2586 8977948 639
2587 8978587 680
2588 8979267 669
2589 8979936 649
2590 8980585 668
2591 8981253 648
2592 8981901 672
2593 8982573 644
2594 8983217 649
2595 8983866 680
2596 8984546 642
2597 8985188 669
2598 8985857 652
2599 8986509 686
2600 8987195 688
2601 8987883 635
2602 8988518 652
2603 8989170 669
2604 8989839 645
2605 8990484 639
2606 8991123 646
2607 8991769 633
2608 8992402 687
2609 8993089 632
2610 8993721 646
2611 8994367 650
2612 8995017 621
2613 8995638 634
2614 8996272 638
2615 8996910 623
2616 8997533 636
2617 8998169 633
2618 8998802 645
2619 8999447 631
2620 9000078 634
2621 9000712 676
2622 9001388 687
2623 9002075 708
2624 9002783 682
2625 9003465 636
2626 9004101 658
2627 9004759 667
2628 9005426 636
2629 9006062 675
2630 9006737 632
2631 9007369 642
2632 9008011 654
2633 9008665 633
2634 9009298 646
2635 9009944 676
2636 9010620 636
2637 9011256 623
2638 9011879 681
2639 9012560 639
2640 9013199 654
2641 9013853 625
2642 9014478 676
2643 9015154 640
2644 9015794 651
2645 9016445 642
2646 9017087 646
2647 9017733 696
2648 9018429 697
2649 9019126 702
2650 9019828 638
2651 9020466 704
2652 9021170 667
2653 9021837 636
2654 9022473 641
2655 9023114 624
2656 9023738 661
2657 9024399 620
2658 9025019 626
2659 9025645 649
2660 9026294 629
2661 9026923 647
2662 9027570 634
2663 9028204 661
2664 9028865 625
2665 9029490 675
2666 9030165 653
2667 9030818 638
2668 9031456 668
2669 9032124 646
2670 9032770 634
2671 9033404 675
2672 9034079 662
2673 9034741 640
2674 9035381 641
2675 9036022 647
2676 9036669 637
2677 9037306 674
2678 9037980 672
2679 9038652 640
2680 9039292 632
2681 9039924 678
2682 9040602 657
2683 9041259 644
2684 9041903 663
2685 9042566 647
2686 9043213 631
2687 9043844 675
2688 9044519 714
2689 9045233 674
2690 9045907 640
2691 9046547 687
2692 9047234 686
2693 9047920 679
2694 9048599 695
2695 9049294 698
2696 9049992 672
2697 9050664 667
2698 9051331 668
2699 9051999 685
2700 9052684 670
2701 9053354 637
2702 9053991 678
2703 9054669 632
2704 9055301 631
2705 9055932 680
2706 9056612 641
2707 9057253 684
2708 9057937 647
2709 9058584 663
2710 9059247 636
2711 9059883 632
2712 9060515 629
2713 9061144 682
2714 9061826 649
2715 9062475 627
2716 9063102 673
2717 9063775 645
2718 9064420 650
2719 9065070 674
2720 9065744 632
2721 9066376 681
2722 9067057 626
2723 9067683 717
2724 9068400 710
2725 9069110 713
2726 9069823 674
2727 9070497 664
2728 9071161 619
2729 9071780 640
2730 9072420 632
2731 9073052 645
2732 9073697 613
2733 9074310 659
2734 9074969 607
2735 9075576 617
2736 9076193 641
2737 9076834 620
2738 9077454 650
2739 9078104 680
2740 9078784 631
2741 9079415 674
2742 9080089 204
2743 9080293 660
2744 9080953 684
2745 9081637 684
2746 9082321 661
2747 9082982 644
2748 9083626 662
2749 9084288 645
2750 9084933 649
2751 9085582 631
2752 9086213 659
2753 9086872 682
2754 9087554 673
2755 9088227 631
2756 9088858 678
2757 9089536 668
2758 9090204 633
2759 9090837 704
2760 9091541 664
2761 9092205 620
2762 9092825 645
2763 9093470 628
2764 9094098 632
2765 9094730 629
2766 9095359 607
2767 9095966 642
2768 9096608 624
2769 9097232 624
2770 9097856 633
2771 9098489 628
2772 9099117 645
2773 9099762 677
2774 9100439 641
2775 9101080 672
2776 9101752 627
2777 9102379 649
2778 9103028 629
2779 9103657 699
2780 9104356 671
2781 9105027 670
2782 9105697 676
2783 9106373 653
2784 9107026 649
2785 9107675 635
2786 9108310 652
2787 9108962 635
2788 9109597 649
2789 9110246 641
2790 9110887 669
2791 9111556 644
2792 9112200 673
2793 9112873 679
2794 9113552 676
2795 9114228 654
2796 9114882 652
2797 9115534 644
2798 9116178 647
2799 9116825 669
2800 9117494 643
2801 9118137 651
2802 9118788 636
2803 9119424 628
2804 9120052 623
2805 9120675 632
2806 9121307 622
2807 9121929 626
2808 9122555 643
2809 9123198 626
2810 9123824 622
2811 9124446 671
2812 9125117 648
2813 9125765 646
2814 9126411 676
2815 9127087 674
2816 9127761 642
2817 9128403 678
2818 9129081 645
2819 9129726 652
2820 9130378 667
2821 9131045 653
2822 9131698 640
2823 9132338 674
2824 9133012 671
2825 9133683 647
2826 9134330 678
2827 9135008 667
2828 9135675 679
2829 9136354 634
2830 9136988 633
2831 9137621 625
2832 9138246 673
2833 9138919 667
2834 9139586 648
2835 9140234 642
2836 9140876 652
2837 9141528 640
2838 9142168 669
2839 9142837 646
2840 9143483 623
2841 9144106 629
2842 9144735 624
2843 9145359 622
2844 9145981 630
2845 9146611 631
2846 9147242 639
2847 9147881 604
2848 9148485 617
2849 9149102 644
2850 9149746 634
2851 9150380 673
2852 9151053 654
2853 9151707 676
2854 9152383 639
2855 9153022 647
2856 9153669 669
2857 9154338 632
2858 9154970 646
2859 9155616 647
2860 9156263 613
2861 9156876 617
2862 9157493 673
2863 9158166 642
2864 9158808 667
2865 9159475 640
2866 9160115 643
2867 9160758 645
2868 9161403 613
2869 9162016 663
2870 9162679 640
2871 9163319 673
2872 9163992 669
2873 9164661 641
2874 9165302 666
2875 9165968 635
2876 9166603 643
2877 9167246 639
2878 9167885 663
2879 9168548 627
2880 9169175 623
2881 9169798 648
2882 9170446 645
2883 9171091 618
2884 9171709 616
2885 9172325 679
2886 9173004 650
2887 9173654 617
2888 9174271 615
2889 9174886 673
2890 9175559 613
2891 9176172 637
2892 9176809 698
2893 9177507 657
2894 9178164 619
2895 9178783 626
2896 9179409 615
2897 9180024 637
2898 9180661 621
2899 9181282 639
2900 9181921 622
2901 9182543 621
2902 9183164 648
2903 9183812 630
2904 9184442 674
2905 9185116 634
2906 9185750 672
2907 9186422 613
2908 9187035 626
2909 9187661 636
2910 9188297 5137
2911 9193434 7752
2912 9201186 5324
2913 9206510 10833
2914 9217343 1808
2915 9219151 7141
2916 9226292 3598
2917 9229890 7782
2918 9237672 472
2919 9238144 5141
2920 9243285 2464
2921 9245749 3033
2922 9248782 3885
2923 9252667 755
2924 9253422 877
2925 9254299 5678
2926 9259977 1490
2927 9261467 2144
2928 9263611 2624
2929 9266235 3672
2930 9269907 3228
2931 9273135 2086
2932 9275221 4754
2933 9279975 9902
2934 9289877 587
2935 9290464 3170
2936 9293634 3417
2937 9297051 5320
2938 9302371 3769
2939 9306140 6128
2940 9312268 9862
2941 9322130 2063
2942 9324193 1613
2943 9325806 3087
2944 9328893 5586
2945 9334479 3668
2946 9338147 1964
2947 9340111 4400
2948 9344511 1370
2949 9345881 9459
2950 9355340 4492
2951 9359832 2587
2952 9362419 3581
2953 9366000 1695
2954 9367695 1465
2955 9369160 1511
2956 9370671 4722
2957 9375393 2861
2958 9378254 8397
2959 9386651 7661
2960 9394312 5312
2961 9399624 2999
2962 9402623 7004
2963 9409627 1170
2964 9410797 2807
2965 9413604 2582
2966 9416186 1948
2967 9418134 2323
2968 9420457 524
2969 9420981 5755
2970 9426736 517
2971 9427253 2037
2972 9429290 6511
2973 9435801 5778
2974 9441579 2476
2975 9444055 3036
2976 9447091 8819
2977 9455910 3560
2978 9459470 3897
2979 9463367 3038
2980 9466405 8954
2981 9475359 4044
2982 9479403 3391
2983 9482794 3636
2984 9486430 1435
2985 9487865 4480
2986 9492345 1026
2987 9493371 1780
2988 9495151 5498
2989 9500649 2075
2990 9502724 1800
2991 9504524 15858
2992 9520382 5763
2993 9526145 2240
2994 9528385 2604
2995 9530989 5305
2996 9536294 3878
2997 9540172 13445
2998 9553617 3776
2999 9557393 1823
3000 9559216 3553
3001 9562769 6460
3002 9569229 2923
3003 9572152 545
3004 9572697 4694
3005 9577391 4560
3006 9581951 2714
3007 9584665 4741
3008 9589406 2132
3009 9591538 732
3010 9592270 1968
3011 9594238 3094
3012 9597332 6327
3013 9603659 961
3014 9604620 6486
3015 9611106 909
3016 9612015 1125
3017 9613140 784
3018 9613924 6320
3019 9620244 2852
3020 9623096 5086
3021 9628182 8945
3022 9637127 7218
3023 9644345 1791
3024 9646136 5360
3025 9651496 3530
3026 9655026 1475
3027 9656501 649
3028 9657150 3220
3029 9660370 9148
3030 9669518 2881
3031 9672399 2225
3032 9674624 5602
3033 9680226 1278
3034 9681504 4420
3035 9685924 700
3036 9686624 2513
3037 9689137 1498
3038 9690635 1095
3039 9691730 2477
3040 9694207 4285
3041 9698492 2934
3042 9701426 5439
3043 9706865 5873
3044 9712738 4472
3045 9717210 2763
3046 9719973 2033
3047 9722006 1047
3048 9723053 791
3049 9723844 2646
3050 9726490 5784
3051 9732274 937
3052 9733211 1755
3053 9734966 1682
3054 9736648 7234
3055 9743882 1190
3056 9745072 2234
3057 9747306 2439
3058 9749745 1401
3059 9751146 566
3060 9751712 5011
3061 9756723 6129
3062 9762852 11631
3063 9774483 1201
3064 9775684 2296
3065 9777980 1001
3066 9778981 1224
3067 9780205 2148
3068 9782353 2756
3069 9785109 5194
3070 9790303 2442
3071 9792745 3030
3072 9795775 20087
3073 9815862 2826
3074 9818688 1584
3075 9820272 2206
3076 9822478 1735
3077 9824213 1408
3078 9825621 7256
3079 9832877 4610
3080 9837487 12598
3081 9850085 2402
3082 9852487 1806
3083 9854293 1423
3084 9855716 3068
3085 9858784 1380
3086 9860164 3888
3087 9864052 1075
3088 9865127 1096
3089 9866223 1296
3090 9867519 2309
3091 9869828 1919
3092 9871747 2314
3093 9874061 3473
3094 9877534 207
3095 9877741 966
3096 9878707 7123
3097 9885830 5109
3098 9890939 6433
3099 9897372 4441
3100 9901813 3706
3101 9905519 2757
3102 9908276 30930
3103 9939206 3897
3104 9943103 5084
3105 9948187 2810
3106 9950997 1930
3107 9952927 4606
3108 9957533 1233
3109 9958766 2569
3110 9961335 10179
3111 9971514 7899
3112 9979413 9503
3113 9988916 12485
3114 10001401 16594
3115 10017995 9519
3116 10027514 14345
3117 10041859 13189
3118 10055048 8517
3119 10063565 21326
3120 10084891 13418
3121 10098309 45138
3122 10143447 23132
3123 10166579 22168
3124 10188747 8986
3125 10197733 2818
3126 10200551 2707
3127 10203258 1251
3128 10204509 1107
3129 10205616 862
3130 10206478 982
3131 10207460 997
3132 10208457 2361
3133 10210818 1745
3134 10212563 1154
3135 10213717 904
3136 10214621 1135
3137 10215756 1359
3138 10217115 1000
3139 10218115 1951
3140 10220066 2627
3141 10222693 1277
3142 10223970 2744
3143 10226714 2820
3144 10229534 2965
3145 10232499 1034
3146 10233533 3533
3147 10237066 2493
3148 10239559 4238
3149 10243797 3292
3150 10247089 5765
3151 10252854 3273
3152 10256127 900
3153 10257027 2301
3154 10259328 4535
3155 10263863 2286
3156 10266149 786
3157 10266935 5695
3158 10272630 1238
3159 10273868 5923
3160 10279791 854
3161 10280645 1592
3162 10282237 853
3163 10283090 3218
3164 10286308 6319
3165 10292627 812
3166 10293439 3382
3167 10296821 3963
3168 10300784 1251
3169 10302035 1085
3170 10303120 1806
3171 10304926 1539
3172 10306465 2501
3173 10308966 2500
3174 10311466 1752
3175 10313218 1383
3176 10314601 2914
3177 10317515 2441
3178 10319956 1572
3179 10321528 1865
3180 10323393 1085
3181 10324478 955
3182 10325433 3368
3183 10328801 1962
3184 10330763 1933
3185 10332696 2228
3186 10334924 1958
3187 10336882 3050
3188 10339932 1756
3189 10341688 3123
3190 10344811 3715
3191 10348526 515
3192 10349041 1085
3193 10350126 790
3194 10350916 2530
3195 10353446 1037
3196 10354483 2236
3197 10356719 1836
3198 10358555 1422
3199 10359977 704
3200 10360681 1651
3201 10362332 2488
3202 10364820 1540
3203 10366360 2254
3204 10368614 2357
3205 10370971 2211
3206 10373182 1047
3207 10374229 2464
